180.226318359
67.5965576172
0.961542129517
-52.6742935181
-92.2490768433
-123.857559204
-135.658218384
-108.699989319
-108.699989319
-96.7032928467
234.950180054
385.267364502
434.59173584
417.336120605
425.307495117
373.454864502
240.060272217
258.077636719
266.531829834
186.111206055
139.104995728
107.701408386
82.8726882935
123.680000305
164.319900513
124.386421204
-12.8550510406
-18.4608154297
-46.0722846985
5.73999977112
19.419916153
24.3372955322
182.448745728
113.433586121
61.0957221985
-42.1481132507
-62.9005393982
-120.02671814
-135.374893188
-138.336639404
-78.8820953369
-19.4739074707
300.864868164
477.312561035
550.21472168
549.696594238
553.253662109
550.922790527
367.731567383
279.457885742
195.761917114
160.513442993
97.3191070557
115.026260376
107.133979797
107.283302307
113.039367676
79.2129974365
1.18938875198
-13.5
5.73999977112
11.4400005341
27.1534557343
26.7943935394
153.61289978
115.56073761
78.2758026123
-4.92446947098
-36.7115859985
-35.5718994141
-123.883331299
-21.6440658569
-12.5722360611
177.186248779
405.121582031
548.942749023
557.96673584
554.201477051
559.149475098
609.114257812
530.041259766
423.221374512
204.270370483
166.897567749
133.453445435
119.417739868
118.76889801
74.1974487305
90.2671051025
81.674621582
55.4199981689
-13.5
5.73999977112
18.2399997711
36.5
62.6300010681
52.9992141724
22.5414352417
91.3969345093
103.080802917
76.6244277954
-29.6050930023
-95.3002090454
-26.0948352814
14.2407417297
194.340454102
410.913543701
549.288635254
556.278320312
556.556274414
553.313232422
609.81439209
536.521362305
479.736602783
291.204986572
152.836837769
103.998046875
75.8678436279
76.3191146851
72.8968658447
68.0698928833
66.526802063
55.6241149902
-13.5
-13.5
6.5
6.5
62.6300010681
39.0567779541
105.708534241
163.150817871
141.866256714
102.573890686
-28.7563514709
-57.9006881714
-55.4076194763
21.00050354
187.633956909
353.010894775
498.331481934
548.14251709
552.258605957
558.568237305
541.956237793
540.36920166
475.648895264
290.998535156
231.240005493
117.552085876
87.2401275635
100.466453552
88.8018264771
88.7981109619
62.4341239929
55.4399986267
0.600779533386
5.73999977112
11.4400005341
11.4400005341
62.6300010681
41.9090652466
86.0248565674
117.544532776
136.971099854
101.715232849
-17.7751064301
-48.9019393921
-36.5452766418
66.3431091309
145.423019409
335.585083008
486.570343018
509.356079102
475.465637207
485.514587402
506.75
502.099517822
324.5546875
252.972137451
213.741348267
109.813049316
96.0769042969
102.467453003
98.4428710938
83.4354400635
77.4700012207
77.4700012207
2.15081453323
5.73999977112
11.4400005341
11.6408491135
35.700466156
17.4226894379
67.8595123291
126.587104797
110.888336182
107.781349182
44.5160827637
30.2048473358
27.1189804077
110.216438293
196.277999878
280.640106201
411.565307617
449.992675781
448.372497559
498.419372559
483.364807129
344.649200439
225.401702881
170.165817261
112.228912354
98.7643508911
125.133628845
127.283546448
108.732894897
91.4080810547
77.4700012207
77.4700012207
6.12702989578
-9.76626777649
2.72000002861
9.59994983673
31.4313583374
18.7305736542
54.1880111694
126.954444885
138.735290527
126.619338989
90.8710861206
79.7254638672
112.79863739
89.8669662476
187.756652832
232.83795166
247.574951172
316.843414307
429.5362854
447.267211914
424.445037842
346.64050293
219.118011475
116.489997864
112.316543579
87.0380859375
131.127349854
131.907241821
94.3499450684
95.4688415527
106.737220764
77.4700012207
65.0841064453
4.44015884399
-11.9245166779
4.0441532135
15.3844299316
38.8286247253
96.7396316528
108.567176819
167.545074463
207.085662842
205.581085205
114.260375977
124.777183533
55.2205429077
112.190620422
193.358184814
237.237350464
275.473022461
341.104431152
406.913269043
405.371673584
358.405029297
240.128616333
89.3238372803
81.1291809082
123.415092468
129.735717773
110.310134888
87.6469573975
94.0146636963
130.708465576
127.626876831
83.1960678101
66.9019241333
6.3870306015
-14.6335010529
-34.5456809998
39.0550193787
147.590270996
192.798171997
156.707168579
222.258743286
223.753829956
141.690856934
49.9049835205
6.55917263031
57.1835861206
110.632415771
146.718917847
203.685775757
256.873504639
380.728790283
397.972961426
314.866516113
260.187530518
90.4318389893
66.9549407959
135.077941895
135.038253784
100.479499817
83.4340515137
93.4769515991
145.615890503
185.199157715
199.891296387
155.080581665
137.168243408
1.89515018463
-0.410862922668
60.9569244385
148.167922974
199.411209106
157.091278076
161.993286133
158.257141113
114.393341064
8.30424308777
5.80023431778
9.68179607391
102.091827393
132.441253662
197.657165527
256.81930542
326.243743896
351.303863525
297.704101562
268.707824707
120.831474304
73.3099975586
103.658676147
105.941986084
86.2017059326
83.7420806885
96.843963623
180.105728149
268.578643799
278.860839844
288.089599609
199.472625732
181.217636108
167.205474854
60.594833374
129.539993286
139.453613281
128.05682373
120.845932007
101.364952087
7.92929649353
3.36357522011
3.21579933167
2.02938246727
59.6915168762
98.8789520264
174.030532837
228.787200928
312.674621582
350.238891602
270.809570312
225.486282349
95.0484466553
18.9300003052
89.9650802612
100.069999695
96.7265014648
84.9536056519
131.595336914
184.831817627
316.0496521
329.508056641
319.433776855
314.23638916
195.308670044
176.38319397
81.769744873
37.2984695435
117.476745605
125.915458679
137.679595947
93.1103134155
7.83621692657
17.8672142029
10.5513305664
73.031539917
74.2150878906
103.114723206
149.28692627
228.3853302
323.354003906
372.895263672
366.138000488
162.727966309
42.0237503052
18.9300003052
170.309997559
166.764541626
138.21043396
83.3808822632
156.80418396
154.469650269
197.013015747
300.836303711
322.745239258
320.108215332
212.411682129
132.851837158
103.183265686
52.6368217468
79.6713867188
137.440811157
156.06552124
73.358833313
63.8299560547
16.0268001556
11.3835706711
63.524848938
86.7858886719
190.654571533
195.845657349
231.557403564
345.769989014
385.797088623
425.884490967
2.0
23.8700008392
61.7900009155
170.310012817
174.275192261
148.451782227
79.2699966431
104.166740417
153.332778931
150.09085083
212.786087036
267.701660156
272.169555664
207.755737305
142.461242676
145.586578369
106.385009766
134.149795532
133.85848999
110.167778015
63.2196655273
20.9158668518
1.98387527466
9.73876285553
37.7688331604
104.750747681
184.636672974
235.624633789
276.448028564
298.280456543
292.478820801
340.410308838
-27.6399993896
156.13999939
166.509857178
167.456085205
148.909210205
147.157699585
97.5506591797
91.8583679199
130.191619873
140.576522827
211.457748413
236.701278687
244.385375977
214.086990356
146.156097412
65.7271499634
78.2326431274
136.32673645
136.635375977
100.441474915
88.0637207031
77.0027618408
44.130443573
32.8487586975
57.2437133789
104.282546997
159.634033203
254.483963013
342.13583374
346.069732666
320.276977539
259.808258057
221.543075562
201.642776489
162.834671021
161.453735352
206.726623535
209.580490112
140.267196655
87.0590515137
98.5341262817
138.943969727
138.999832153
204.570495605
207.089569092
183.202362061
131.563812256
2.55510449409
72.7210845947
102.309379578
112.843193054
96.2544403076
61.8320236206
74.8052597046
54.7705879211
54.5505218506
96.0618133545
140.381317139
173.698730469
258.021057129
345.555541992
403.524414062
403.450378418
351.185424805
318.332000732
277.435516357
174.299942017
156.542098999
201.604904175
202.86114502
118.98160553
85.5182952881
78.1810302734
142.022018433
141.710006714
157.105453491
160.844223022
156.417053223
60.7764701843
-35.9782867432
7.32695865631
94.4088821411
84.6989898682
70.0149993896
39.2492637634
65.4000015259
65.3081588745
44.3792915344
66.9941635132
87.8793640137
171.280822754
226.069122314
325.492034912
470.234527588
467.739624023
401.204071045
335.112121582
287.185302734
176.940734863
188.967086792
196.342681885
146.811889648
95.2393188477
77.1970825195
80.8773574829
98.7499084473
123.415046692
121.944282532
114.600097656
110.150016785
74.9899978638
-74.5997390747
0.902722477913
13.550406456
5.84103393555
0.329319626093
-19.1307964325
65.4000015259
65.4000015259
35.1418228149
29.8727493286
18.4438552856
139.733169556
343.88949585
426.979919434
502.69921875
520.867431641
434.582183838
338.875549316
274.11038208
237.782913208
194.539077759
192.053894043
75.9761962891
85.4484176636
78.5560073853
80.7899780273
83.6470489502
84.6400680542
79.9017181396
82.655090332
77.9087753296
76.1337127686
18.7134056091
18.9550209045
30.2584190369
173.086242676
102.305244446
-4.04391431808
-17.2305984497
-36.1231040955
-60.7644996643
-6.71978092194
-16.0258350372
145.357040405
338.955993652
426.291809082
451.193023682
441.444458008
406.737823486
339.343017578
353.81362915
339.519989014
335.540435791
111.478675842
113.550094604
76.954864502
77.7980651855
78.8039474487
80.2250366211
88.2861633301
133.963867188
146.769714355
97.9137268066
77.0940093994
157.280944824
134.094558716
140.577697754
176.779708862
100.704048157
94.1339874268
67.3049163818
-2.0644068718
-0.803887844086
-6.63105487823
-1.36677885056
151.725372314
196.355804443
281.314422607
266.360961914
243.151901245
233.356384277
304.2734375
338.789306641
341.06552124
262.168701172
118.849998474
111.185279846
92.4954528809
84.266166687
79.1658859253
84.9898681641
124.011489868
147.579620361
216.768585205
212.671981812
92.8221893311
309.049987793
298.558502197
253.130661011
149.487640381
134.313293457
157.531005859
113.703239441
55.8178443909
50.5549583435
17.9246788025
-1.39511740208
75.1342391968
150.469985962
133.010498047
118.912101746
112.429466248
120.942825317
149.636566162
265.436920166
265.268981934
306.437744141
228.885223389
112.085029602
109.633705139
94.7725372314
103.37323761
198.376739502
181.601608276
150.958404541
180.620742798
148.390609741
89.7904968262
345.285308838
414.67578125
402.58770752
285.369934082
194.701309204
164.270401001
184.36517334
185.659759521
93.0335540771
9.76457214355
-53.7229003906
-7.78070306778
-15.1475944519
-13.1199989319
-0.369305193424
15.4476327896
12.5391292572
24.620847702
173.803543091
251.334259033
294.661834717
228.560287476
129.600006104
118.060264587
92.8922119141
119.529899597
197.942382812
185.823562622
93.1867141724
5.57361602783
67.396812439
95.6718215942
298.442993164
479.223632812
498.76184082
390.341125488
242.77935791
281.637237549
290.762969971
201.11114502
90.9080047607
22.0835857391
-22.2725944519
-72.9022598267
-72.6025772095
-40.6161766052
-16.1956882477
-15.7842941284
-16.2674846649
-16.2700004578
-13.2980089188
-1.82293403149
11.2355165482
6.15872240067
52.1621704102
15.9350395203
109.906089783
24.5481185913
57.7623558044
128.544326782
1.17872595787
167.666625977
179.381500244
119.170951843
283.612976074
507.739044189
530.08215332
462.65826416
304.808868408
376.27243042
376.294219971
259.44708252
140.627944946
51.4629364014
-2.32190322876
-38.3086051941
-40.489276886
-20.8376750946
-21.2274875641
-8.1509103775
124.488227844
184.270004272
156.686889648
325.733093262
383.845581055
447.525512695
395.241485596
376.28527832
282.961608887
286.615386963
131.8074646
0.405564248562
19.9437618256
207.301467896
280.181610107
251.445800781
236.279525757
533.782043457
535.640014648
426.647125244
218.397521973
376.555877686
377.315887451
258.243347168
164.328125
114.574226379
62.4374427795
6.6521115303
6.38291978836
3.1400001049
-0.428113043308
-6.6741938591
64.3376693726
263.302947998
420.659301758
415.586151123
443.227508545
449.008392334
415.840942383
379.593658447
346.420654297
315.204589844
265.695159912
27.0400009155
110.274993896
250.036834717
346.847259521
335.688049316
105.048706055
258.017669678
328.934448242
285.609222412
173.160003662
172.870544434
174.764938354
160.31729126
175.31918335
158.40296936
158.806015015
159.953399658
122.921234131
16.1483669281
5.97771215439
2.4719991684
52.1461181641
255.389984131
420.577545166
416.011749268
364.393615723
74.9188613892
164.300003052
194.731491089
242.226913452
242.430938721
276.306732178
255.282302856
144.151809692
250.618743896
310.946136475
285.67376709
64.1537475586
71.435218811
202.327331543
112.796920776
49.152633667
101.434448242
102.528640747
149.5
179.82649231
203.948577881
277.311340332
273.770507812
193.529708862
145.001739502
10.930606842
2.46715259552
94.2486038208
341.325408936
343.229888916
350.858520508
75.1565246582
74.1847763062
86.2025299072
241.187759399
252.829421997
82.721321106
275.762115479
287.185668945
223.928146362
214.514434814
207.580383301
151.769424438
37.9706192017
158.754104614
236.240005493
169.365692139
126.751373291
45.4722213745
62.2259674072
154.141555786
210.626724243
200.444610596
296.146392822
273.282958984
202.461227417
146.330978394
22.5733718872
2.77065443993
82.3937072754
336.192443848
383.917999268
448.463867188
326.579406738
225.145874023
418.333099365
345.540008545
318.680023193
168.019515991
257.948486328
292.484893799
306.00402832
286.201507568
256.949188232
180.776519775
22.447889328
148.54019165
236.240005493
166.80796814
98.3085479736
62.5071640015
79.7901153564
178.602828979
291.678039551
252.280883789
219.475341797
224.358566284
139.745635986
11.115152359
2.64993643761
57.5433692932
152.018188477
343.147155762
399.385192871
464.984100342
431.5809021
424.115692139
450.309020996
350.271728516
347.257507324
291.492401123
283.3800354
287.160064697
301.786865234
274.097961426
275.617401123
178.806747437
81.4543457031
121.077186584
152.452011108
162.846420288
207.183456421
188.361984253
168.434432983
206.540237427
288.15625
234.725784302
178.518920898
101.225898743
7.0467543602
-1.42019581795
-21.7595653534
63.2808265686
12.5949392319
281.022277832
391.550140381
416.303009033
353.458496094
325.474273682
325.404388428
346.553100586
344.430023193
279.396728516
278.076843262
271.947113037
245.331466675
213.920974731
214.112014771
178.202545166
85.9769668579
110.553909302
119.715614319
112.273162842
206.984436035
194.536453247
144.005767822
156.29069519
111.783454895
60.4401779175
143.221008301
0.730000019073
-3.89652347565
63.6952323914
67.6545715332
-0.462758868933
4.02400064468
49.7128448486
152.608764648
86.1794281006
135.731155396
266.275146484
263.381896973
74.2428131104
96.3979949951
262.970001221
263.049987793
302.594207764
260.733825684
240.488601685
258.711151123
194.025283813
