60.1725578308
-5.20104169846
-54.2601928711
-99.137802124
-133.964614868
-140.989547729
-141.845581055
-141.356872559
-142.501113892
-143.076660156
-105.966629028
3.0471432209
218.051086426
275.388946533
281.25
185.384979248
158.947128296
168.092132568
147.63319397
75.1999969482
65.2841949463
71.689994812
71.6899871826
71.7188873291
67.8014144897
-13.4040384293
-160.299743652
-206.768692017
-221.577667236
-83.5884475708
-26.3835353851
0.870177984238
70.433380127
3.55577468872
-52.644493103
-97.4746246338
-141.094970703
-141.729995728
-141.614379883
-141.676391602
-141.618545532
-130.899734497
-94.7299575806
236.098403931
386.947753906
395.882232666
387.224212646
245.273742676
222.721099854
182.961105347
155.745010376
75.1999969482
74.6055221558
76.4820861816
69.0696258545
67.3863601685
68.0289916992
-12.2518701553
-79.4978027344
-230.201171875
-228.012023926
-59.2792434692
5.73999977112
-13.5
13.7281417847
-25.6805305481
-51.5664863586
-77.9659194946
-111.92603302
-141.56942749
-141.769348145
-141.327163696
-141.100082397
-87.6866455078
6.9234623909
306.959411621
473.131835938
524.335754395
525.983459473
377.208984375
283.902740479
191.268859863
154.8878479
75.1999969482
70.0276412964
67.7739639282
66.5731124878
63.2145004272
62.8896217346
1.19000005722
-138.042053223
-224.453598022
-222.456832886
-51.4403915405
-82.8300018311
-82.8300018311
-3.67866110802
-27.7837791443
-31.0493774414
-41.0870437622
-55.0504837036
-125.860870361
-135.488494873
-116.684242249
-54.2618942261
-10.3017921448
141.342727661
356.292449951
489.82434082
516.716491699
527.650756836
515.243652344
423.819549561
208.648544312
133.145751953
93.9898529053
69.3924407959
62.7798843384
62.9045562744
61.6820640564
57.6552734375
55.4199905396
-72.2453765869
-119.926475525
-112.344291687
-82.8300018311
-82.8300018311
-82.8300018311
-0.249118313193
-2.084389925
28.2286205292
70.6668701172
-34.2491226196
-111.081512451
-121.518218994
-100.353416443
-67.4533996582
9.18912887573
156.705413818
324.823669434
478.62387085
455.256164551
438.8984375
430.230010986
332.188568115
245.890304565
145.700637817
97.0501937866
72.2406539917
62.6566772461
67.5774841309
65.8712692261
59.7406044006
4.40999984741
-68.2691879272
-129.27923584
-125.232528687
-22.7422447205
-82.8300018311
-82.8300018311
-1.10426449776
14.039390564
62.2421417236
88.2150115967
-28.6096668243
-95.0179290771
-102.015487671
-81.6598587036
-65.1995849609
5.31852245331
108.21913147
280.245330811
377.87789917
427.75201416
423.185058594
341.116699219
228.904052734
174.793380737
98.4688949585
78.0520706177
54.4670600891
55.8320655823
84.7936553955
80.6527862549
61.0684700012
5.25642299652
-0.253281593323
-93.8194274902
-104.278396606
-55.7507667542
2.72000002861
-12.8505630493
1.54347670078
5.14210224152
38.1044692993
87.5185165405
-9.98551464081
-73.6535949707
-73.6516494751
-47.9084396362
-34.3267974854
75.1993179321
134.613861084
235.624679565
241.336639404
322.356719971
410.198547363
309.755950928
180.161682129
115.672348022
98.9341201782
79.1225891113
53.2033500671
56.459022522
94.7626800537
77.2205047607
62.9969940186
63.2747421265
-11.5963115692
-43.3055686951
-102.483833313
-105.792350769
-22.8755092621
2.98020935059
4.36720323563
4.70214748383
28.7831993103
73.7433624268
50.1260604858
-9.26984024048
2.20054984093
9.09136581421
5.63376426697
33.4091529846
108.350883484
193.660354614
231.457794189
277.561462402
343.379821777
305.879974365
184.544647217
90.7142410278
82.1365966797
58.921710968
54.301612854
72.7021560669
85.43724823
81.9278488159
72.7526702881
-13.420003891
-13.420003891
-84.6407241821
-103.486610413
-103.488998413
-84.6223144531
-57.624797821
2.94058203697
5.20344638824
54.2969169617
75.993637085
92.1418685913
46.4529571533
46.4431152344
2.74985909462
2.38103151321
2.33666276932
60.7945137024
114.437095642
143.758483887
185.498687744
244.195236206
310.902587891
223.503219604
70.2516098022
45.6200675964
34.9115829468
60.295501709
88.3992538452
82.3575210571
73.0848770142
74.8294219971
-13.4200000763
-13.4200000763
4.75686883926
-9.01428413391
-79.1344985962
-79.0153503418
-107.078330994
0.465886831284
6.75482130051
99.0717849731
108.863388062
139.250030518
107.120079041
9.639128685
-2.59094619751
-0.375442534685
0.316831111908
13.101017952
84.1729660034
136.705566406
187.89515686
236.521484375
297.979766846
242.486206055
71.8635559082
41.4654769897
16.5100002289
29.6337985992
87.350730896
75.1340637207
71.6164855957
74.6654663086
89.716506958
84.5219802856
68.2353286743
6.43959331512
-13.4006080627
-42.0550079346
-64.6203308105
0.469999969006
29.3220176697
117.829788208
123.401435852
102.088043213
8.66830825806
1.98016607761
-1.13533699512
-1.29322826862
-1.15928113461
-1.8443082571
60.2400016785
100.536376953
175.924606323
229.48274231
265.480255127
230.020492554
73.0
5.69181156158
-4.36521196365
15.9721012115
63.9764633179
68.2012176514
70.34034729
74.0775680542
89.2994537354
141.658706665
157.238876343
137.847244263
6.98598527908
-8.92000961304
-13.5
5.0317440033
6.12970066071
22.9853973389
88.7725372314
82.9224853516
0.447276383638
-1.49620294571
-1.44338226318
-1.64385819435
-1.05434632301
-6.58598947525
48.1495018005
91.6625289917
148.829650879
203.977218628
232.572784424
42.1800003052
42.1800003052
-90.3899993896
-90.3164138794
-23.4731884003
59.5452041626
67.7945327759
68.8801116943
72.8375549316
88.1214981079
122.48059845
192.347320557
205.187454224
143.49105835
2.31000041962
-13.5
4.51999998093
6.44417285919
8.36536884308
69.4218139648
47.0567436218
-0.499999880791
-1.46684527397
-0.99854940176
-0.710091352463
-1.10065746307
-5.22785806656
54.7903251648
94.9006118774
139.841766357
206.798309326
273.970123291
13.4586277008
-33.4160346985
-90.179901123
-91.2606658936
-53.9888839722
56.9861526489
69.1594848633
69.5243759155
78.368812561
94.167137146
95.7671890259
100.400009155
121.75
195.240005493
110.530021667
-19.691362381
31.6089038849
11.9570493698
13.7853164673
58.9613037109
52.6712493896
-0.417784482241
-1.37836480141
-1.74577009678
-1.7820905447
-2.19045186043
39.5060272217
61.6077957153
105.208877563
150.503585815
224.617355347
226.912994385
-209.400024414
-209.862289429
-90.3543167114
-70.9736480713
-24.7485332489
77.3022842407
76.7299880981
73.7210083008
74.5507965088
83.5284500122
96.4093399048
105.366600037
102.292327881
201.965591431
127.461502075
1.77873373032
35.5562400818
30.7271995544
34.4467163086
83.3872528076
43.17760849
0.426571249962
-4.10103797913
-4.47679567337
-2.42039871216
-0.973134338856
27.2647857666
86.7731323242
157.526245117
197.974761963
233.127670288
-78.1470489502
-211.960006714
-211.960006714
-90.3898086548
-65.3394012451
67.0957260132
107.196105957
79.2722625732
74.6513442993
74.2395324707
75.9673538208
82.5771408081
132.813293457
132.568435669
185.412902832
121.694633484
2.23000001907
-24.633184433
7.74632787704
65.6866989136
95.5223999023
57.0783004761
23.9042053223
-0.978361606598
-3.89496803284
-0.0138850081712
8.08579921722
21.094959259
84.8953399658
120.551719666
237.638839722
235.033752441
184.545257568
-211.960006714
-211.960006714
-90.0846176147
51.0845336914
66.4291763306
73.8341522217
98.6860198975
83.4846801758
74.752281189
74.778427124
78.4041595459
132.089996338
131.554885864
156.072692871
90.7452926636
-0.259937793016
-121.16191864
-32.4267044067
14.3307609558
-46.209274292
-46.1481208801
-6.5010304451
28.6536560059
17.3704624176
23.2948074341
27.4245681763
60.2653465271
89.801109314
124.73425293
224.326416016
321.299530029
259.013458252
190.958648682
-24.1618747711
11.3143453598
64.7184829712
64.3386154175
100.607017517
96.4659729004
76.5835266113
73.4966964722
74.3343048096
77.0245666504
100.463752747
108.442176819
105.430976868
48.186882019
-13.6107616425
-155.991653442
-67.0793914795
-18.0527477264
-26.9147109985
-147.326843262
-124.91519165
-35.2818450928
35.2443962097
24.55859375
18.9011611938
11.1390171051
20.7066555023
131.690124512
201.441101074
307.565307617
353.153137207
320.698455811
209.725097656
130.836914062
89.6455230713
108.752632141
76.6605072021
72.9998626709
74.1758575439
69.8155593872
72.7130966187
77.3367004395
76.6800994873
68.2169036865
62.3063430786
69.1593399048
-31.6272792816
-154.626190186
-101.248260498
-87.7050933838
-104.240989685
-148.22454834
-129.5831604
-58.1057395935
-65.8449554443
-64.3476791382
-61.698677063
-40.6037445068
-10.6392869949
124.997016907
231.138076782
328.886993408
403.359222412
317.756713867
211.871337891
133.232559204
112.94720459
69.3494262695
69.1921844482
68.6582260132
70.0733337402
70.7332687378
71.6623382568
74.7167663574
72.3857040405
71.3199768066
70.8514251709
68.7256317139
-26.3156337738
-110.887199402
-101.479988098
-100.702301025
-67.7492294312
-49.9857635498
-79.6344680786
-73.0451507568
-99.9450454712
-123.626861572
-128.740859985
-128.447433472
-37.6611785889
136.252578735
199.652923584
206.868667603
210.923995972
190.235275269
205.610427856
241.348571777
185.625289917
67.7247085571
64.8687667847
68.1165466309
65.3020401001
71.6955337524
71.7894363403
71.3196334839
72.3361434937
71.7309112549
70.7104644775
69.0957717896
-19.2687664032
14.5019397736
-29.2753982544
11.5569877625
37.2240905762
-47.0200004578
-47.1818084717
-57.2089042664
-98.2812805176
-113.665031433
-146.463424683
-149.656051636
-112.464241028
94.26612854
84.8834609985
89.8316879272
89.0105667114
94.8670501709
120.874519348
125.711578369
113.6354599
72.2399978638
72.2399978638
75.0099334717
70.9483947754
70.3093032837
69.9456176758
71.6999053955
78.3656387329
91.5654983521
106.496696472
76.0
-5.41308403015
112.466705322
109.2602005
125.84526825
92.8975448608
84.2689285278
72.0484313965
-8.06248188019
-24.0176925659
-23.8486804962
-146.624404907
-181.557693481
-137.237197876
-76.1093292236
-56.2262535095
-13.1199989319
0.550758481026
6.75473070145
-7.10129451752
27.1617069244
184.597747803
117.56993103
72.3917541504
93.2134399414
84.8005905151
79.9847183228
75.3375244141
75.4138183594
79.6043167114
-15.9873638153
-19.3048534393
-10.0619010925
-48.6187667847
243.631759644
232.196594238
149.850799561
132.07598877
123.348495483
116.452583313
50.9180831909
51.6854019165
4.88797569275
-107.28012085
-171.529663086
-144.601501465
-109.626426697
-82.9159851074
-56.5150375366
-25.598690033
-30.0692005157
-33.7140769958
-16.25
-16.25
-16.2700023651
-18.2823410034
11.5578985214
-30.46443367
-38.2018470764
-18.7119293213
13.8167228699
-53.940448761
-45.7146682739
-45.4753646851
-43.0500831604
-50.8119735718
120.900009155
235.821838379
298.968383789
197.404266357
149.959213257
116.496673584
109.887947083
56.4584579468
12.6587209702
-51.3427009583
-158.247131348
-157.122344971
-123.215492249
-80.0540084839
-68.9486312866
-30.2581748962
-36.2243804932
-35.7782554626
-30.8024082184
-28.5270462036
-30.9342060089
-56.4893569946
-50.0362815857
-51.2280426025
-42.6619949341
-49.5393257141
-42.7664604187
-42.9552383423
-49.1515426636
-44.7243804932
-16.7890605927
-16.2700004578
113.540000916
241.491668701
396.230010986
163.088607788
149.735916138
223.730941772
172.624526978
70.7040557861
20.7202281952
-32.1883621216
-155.437072754
-156.007385254
-140.206665039
-76.4707717896
-56.3790740967
-33.6352348328
-31.5378398895
-23.6404209137
-28.2763156891
-16.5944824219
-17.3014068604
-20.6421985626
-35.9084739685
-28.9249763489
-16.2700023651
-38.8401756287
-51.0904693604
-47.8324317932
-49.170124054
0.74547970295
111.930000305
101.589996338
99.1862792969
108.826629639
268.751739502
103.408660889
114.910484314
120.79851532
122.813224792
127.304359436
46.0737037659
-1.73935580254
-53.5364189148
-61.8172950745
-64.9776763916
-66.3344573975
-34.2750549316
-36.5897941589
-52.2797813416
10.292216301
127.204139709
125.002998352
72.6399993896
72.6399993896
58.9959983826
71.3537979126
98.8199996948
156.358108521
-11.9899158478
-9.09295845032
0.834678173065
16.007932663
212.94972229
159.55241394
-2.40518403053
62.0383033752
70.0850524902
44.9300003052
40.6495513916
37.5858535767
54.8767242432
102.527877808
110.485801697
48.7308731079
6.0
3.59884500504
3.160187006
0.608736753464
-32.9338340759
-35.0085601807
-11.5126123428
-7.2347869873
215.383377075
74.8700027466
72.6399993896
-48.9799995422
-48.0203285217
17.6752681732
-48.9799995422
-48.9799995422
14.5399999619
8.03565883636
28.085149765
108.329345703
155.850540161
87.9611206055
-4.98909044266
36.5074615479
44.9300003052
37.6568984985
33.6859970093
30.8554992676
36.642616272
47.8358230591
87.7698364258
110.968780518
144.449920654
127.654411316
17.0703029633
1.88130903244
-31.2591075897
-30.4500808716
1.29689657688
-4.43494844437
192.476135254
72.6399993896
72.6399993896
-57.913772583
-60.8075523376
-48.9799995422
-48.9799995422
-48.9799995422
69.1412124634
99.7320709229
96.0547409058
136.585388184
74.4588165283
15.7879133224
-15.3100347519
10.6709289551
59.1088180542
38.281337738
31.2077560425
-53.5
33.9435348511
46.4951705933
88.623664856
116.195075989
120.164497375
144.699874878
1.86745715141
-0.868608355522
-33.58177948
-31.3834438324
-3.66112947464
14.0043697357
305.037384033
72.6399993896
72.6399993896
63.9004249573
72.6399993896
72.6399993896
72.6399993896
72.6399993896
15.4317655563
166.374938965
194.076843262
143.315979004
91.4043426514
15.5591125488
-15.3099975586
7.39266681671
105.367050171
60.3908424377
32.4774246216
32.066608429
43.9524536133
64.7059173584
140.115524292
123.536903381
94.9981231689
0.323499888182
-5.98674249649
-39.8127670288
-48.5465888977
-31.4238147736
-1.02989196777
1.38999998569
287.297454834
359.408966064
247.182449341
164.299987793
164.300003052
241.220855713
72.6399993896
72.6399993896
99.4929046631
235.65411377
187.349700928
128.465042114
151.104019165
-16.8500003815
4.20764160156
24.6381568909
94.1318054199
88.425994873
58.5581550598
55.3364601135
53.3800010681
81.2395172119
64.1213378906
-15.234828949
0.730000019073
-6.97531223297
-14.0656909943
-56.7811355591
-57.4887542725
-35.4866065979
-5.53073215485
1.77519285679
62.3499183655
60.0686225891
90.1802444458
158.789840698
71.7118911743
63.7850151062
47.7744102478
49.1402130127
179.714736938
179.849395752
133.120910645
131.094802856
139.587921143
-17.6273422241
21.8471889496
82.7080383301
25.9233436584
14.3107261658
12.6444568634
54.5904121399
43.6609420776
84.703125
-8.47254371643
-8.73306274414
-33.0193977356
-71.094039917
-60.4609870911
-60.5751533508
-41.7645301819
-36.2413024902
-16.3516693115
-5.81060361862
-11.9591693878
-16.8484992981
-11.0032548904
86.1852111816
70.9837646484
70.7621688843
51.2950248718
51.3621292114
148.330001831
125.953781128
110.228561401
116.497161865
150.543212891
45.7511444092
